	Ctcf_E	Dnase1_E	H3k27ac_E	H3k27me3_E	H3k36me3_E	H3k4me2_E	H3k9ac_E	H4k20me1_E	Rad21_E	Tbp_E	Ctcf_P	Dnase1_P	H3k27ac_P	H3k27me3_P	H3k36me3_P	H3k4me2_P	H3k9ac_P	H4k20me1_P	Rad21_P	Tbp_P	Correlation	Class
chr11_116475625_116476101-chr11_116734834_116737615	0	1	0	0	0	0	0	0	0	0	0	0	0	0	1	0	0	0	0	0	0.111111	0
chr11_116575390_116576801-chr11_116826662_116828140	0	0	0	1	0	0	0	0	0	0	0	0	0	0	0	0	0	0	0	0	1.47946e-17	0
chr11_116617499_116620420-chr11_116640802_116647668	0	0	0	0	1	0	0	0	0	0	0	1	1	0	1	1	1	0	0	1	-0.157656	0
chr11_116620420_116622059-chr11_116737744_116757175	0	0	0	0	1	0	0	0	0	0	1	0	0	0	1	0	0	0	1	0	0.194298	0
chr11_116799699_116801557-chr11_116657531_116663531	0	0	0	0	0	0	0	0	0	0	1	1	1	1	1	1	1	0	1	1	-1.64997e-16	0
chr11_116833336_116844131-chr11_116737744_116757175	0	0	0	0	0	0	0	1	0	0	1	0	0	0	1	0	0	0	1	0	0.205819	0
chr11_116844131_116848494-chr11_116707939_116710822	0	0	0	0	0	0	0	0	0	0	0	1	0	0	0	0	0	0	0	0	1.56518e-16	0
chr11_116869626_116870890-chr11_116657531_116663531	0	0	0	0	0	0	0	0	0	0	1	1	1	1	1	1	1	0	1	1	-1.64997e-16	0
chr11_116908236_116911138-chr11_116734834_116737615	0	0	0	0	0	0	0	1	0	0	0	0	0	0	1	0	0	0	0	0	0.111111	0
chr11_131166749_131166803-chr11_131237805_131240614	0	0	0	0	0	0	0	0	0	0	0	0	0	0	0	0	0	0	0	0	1	0
chr11_131262486_131264111-chr11_131237805_131240614	1	0	0	0	0	0	0	0	1	0	0	0	0	0	0	0	0	0	0	0	2.77665e-17	0
chr11_131278199_131279277-chr11_131237805_131240614	0	0	0	0	0	0	0	0	1	0	0	0	0	0	0	0	0	0	0	0	3.68684e-17	0
chr11_131417852_131430539-chr11_131237805_131240614	0	0	0	0	0	0	0	0	1	0	0	0	0	0	0	0	0	0	0	0	2.02271e-17	0
chr11_131473453_131479226-chr11_131448816_131456703	0	0	0	1	0	0	0	0	0	0	1	1	0	0	0	0	0	0	1	0	0.173342	0
chr11_2173108_2175866-chr11_1924739_1956483	1	1	0	0	0	1	0	0	1	0	1	1	0	0	0	0	0	0	1	0	0.894082	0
chr11_2231513_2232506-chr11_1841988_1867907	0	1	0	0	0	0	0	0	0	0	1	1	0	0	0	1	0	0	1	0	0.549271	0
chr11_2231513_2232506-chr11_1879294_1891522	0	1	0	0	0	0	0	0	0	0	0	1	0	0	0	0	0	0	0	0	1	0
chr11_2272558_2285383-chr11_2319679_2334460	0	1	0	1	0	0	0	0	0	0	1	1	0	0	0	0	0	0	1	0	0.0053312	0
chr11_2317152_2319679-chr11_2319679_2334460	0	1	0	0	0	0	0	0	0	0	1	1	0	0	0	0	0	0	1	0	0.376713	0
chr11_64283665_64292231-chr11_64356433_64395036	1	0	0	1	0	0	0	0	1	0	0	1	0	0	0	0	0	0	0	0	0.21293	0
chr11_64312302_64322633-chr11_64519906_64523887	1	1	0	1	0	0	0	0	1	0	0	1	0	0	0	0	0	0	0	0	0.108797	0
chr11_64312302_64322633-chr11_64655002_64658316	1	1	0	1	0	0	0	0	1	0	1	1	0	0	0	1	1	0	1	0	0.664823	0
chr11_64395036_64397730-chr11_64535815_64538326	1	1	0	0	0	0	0	0	1	0	0	0	0	0	1	0	0	1	0	0	0.317891	0
chr11_64395036_64397730-chr11_64642645_64655002	1	1	0	0	0	0	0	0	1	0	1	1	1	1	0	1	1	0	0	1	0.22894	0
chr11_64464888_64468697-chr11_64535815_64538326	0	0	0	0	0	0	0	0	0	0	0	0	0	0	1	0	0	1	0	0	0	0
chr11_64483476_64485148-chr11_64655002_64658316	0	1	0	1	0	0	0	0	0	0	1	1	0	0	0	1	1	0	1	0	0.213129	0
chr12_40350301_40351146-chr12_40793507_40812339	0	0	0	0	0	0	0	0	0	0	0	0	0	0	0	0	0	0	0	0	1	0
chr12_40631881_40633164-chr12_40497414_40501128	0	0	0	0	0	0	0	0	0	0	0	1	0	1	0	1	1	1	0	0	1.16556e-16	0
chr13_113292841_113293660-chr13_113342742_113346444	0	0	0	1	0	0	0	0	0	0	0	1	1	1	0	1	1	1	0	0	0.0619668	0
chr13_113293660_113294757-chr13_113436687_113445412	0	0	0	1	0	1	0	0	0	0	0	1	0	0	0	0	0	0	0	0	0.165228	0
chr13_113324265_113328031-chr13_113342742_113346444	0	0	0	0	0	0	0	0	0	0	0	1	1	1	0	1	1	1	0	0	1.74295e-16	0
chr13_113329148_113339280-chr13_113631771_113637197	0	0	0	0	0	0	0	0	0	0	0	1	0	0	0	0	0	0	0	0	2.84488e-16	0
chr13_113341505_113342742-chr13_113436687_113445412	0	1	0	1	0	1	0	0	1	0	0	1	0	0	0	0	0	0	0	0	0.664441	0
chr13_113360063_113368981-chr13_113618557_113623811	1	1	1	0	0	1	1	0	1	1	1	1	0	1	0	1	0	0	1	0	0.32515	0
chr13_113369512_113374669-chr13_113638985_113646961	0	1	0	0	0	0	0	0	0	0	0	1	1	0	0	0	0	0	0	0	0.938242	0
chr13_113374669_113379914-chr13_113348809_113360063	0	1	0	0	0	0	0	0	0	0	0	1	0	0	0	1	0	0	0	0	0.894639	0
chr13_113380054_113380317-chr13_113638985_113646961	0	1	0	0	0	0	0	0	0	0	0	1	1	0	0	0	0	0	0	0	0.938242	0
chr13_113395090_113398062-chr13_113342742_113346444	0	0	0	0	0	0	0	0	0	0	0	1	1	1	0	1	1	1	0	0	1.74295e-16	0
chr13_113496478_113497139-chr13_113678635_113686689	0	1	0	0	1	0	0	0	0	0	1	1	1	0	0	0	0	0	1	0	0.500329	0
chr13_113513563_113514307-chr13_113551592_113558711	0	0	0	0	1	0	0	0	0	0	0	1	1	0	0	1	1	0	0	0	0.269335	0
chr13_113513563_113514307-chr13_113618557_113623811	0	0	0	0	1	0	0	0	0	0	1	1	0	1	0	1	0	0	1	0	-0.315163	0
chr13_113542822_113546320-chr13_113618557_113623811	0	1	1	1	0	1	1	0	0	0	1	1	0	1	0	1	0	0	1	0	0.0633721	0
chr13_113561249_113564435-chr13_113744147_113753700	0	1	1	0	0	1	1	0	0	0	1	1	0	0	0	0	0	0	1	1	-0.123886	0
chr13_113586862_113599247-chr13_113631771_113637197	1	1	0	0	0	1	1	0	1	0	0	1	0	0	0	0	0	0	0	0	0.539378	0
chr13_113586862_113599247-chr13_113744147_113753700	1	1	0	0	0	1	1	0	1	0	1	1	0	0	0	0	0	0	1	1	0.693889	0
chr13_113599247_113615511-chr13_113686689_113714650	0	1	0	0	0	0	0	0	0	0	1	1	0	0	0	1	0	0	1	0	0.36832	0
chr13_113599247_113615511-chr13_113744147_113753700	0	1	0	0	0	0	0	0	0	0	1	1	0	0	0	0	0	0	1	1	0.660193	0
chr13_113624848_113631771-chr13_113503767_113513563	0	1	0	1	0	0	0	0	0	0	0	0	0	0	1	0	0	0	0	0	0.154713	0
chr13_113662019_113662121-chr13_113342742_113346444	0	1	0	0	0	0	0	0	0	0	0	1	1	1	0	1	1	1	0	0	0.59	0
chr13_113663616_113664621-chr13_113551592_113558711	0	1	0	0	0	0	0	0	0	0	0	1	1	0	0	1	1	0	0	0	0.298543	0
chr13_113729977_113734803-chr13_113618557_113623811	0	1	0	0	0	0	0	0	0	0	1	1	0	1	0	1	0	0	1	0	0.381097	0
chr13_113768823_113776286-chr13_113744147_113753700	0	1	0	0	0	0	0	0	0	0	1	1	0	0	0	0	0	0	1	1	0.660193	0
chr14_99751146_99770368-chr14_99879233_99881379	1	0	0	0	0	1	0	0	0	0	0	0	1	0	0	1	0	0	0	0	0.586003	0
chr14_99813639_99823618-chr14_99879233_99881379	1	0	0	0	0	0	0	0	1	0	0	0	1	0	0	1	0	0	0	0	0.204952	0
chr14_99843098_99854933-chr14_99879233_99881379	0	1	0	0	0	0	0	0	1	0	0	0	1	0	0	1	0	0	0	0	0.193846	0
chr14_99863490_99864649-chr14_99879233_99881379	0	0	0	0	0	0	0	0	0	0	0	0	1	0	0	1	0	0	0	0	8.04896e-17	0
chr15_43733210_43733538-chr15_44034348_44042259	0	0	0	0	0	0	0	0	1	0	0	1	1	0	0	1	1	0	0	1	-0.314976	0
chr15_43770785_43782117-chr15_43802874_43806906	0	0	0	0	1	0	0	0	0	0	1	1	1	1	0	1	1	0	1	0	-0.472107	0
chr15_44044200_44049293-chr15_43782117_43785993	0	0	0	0	1	0	0	1	0	0	0	1	1	0	1	1	1	0	0	0	0.0831528	0
chr15_44170954_44172061-chr15_44067689_44069261	0	0	1	0	0	0	0	0	0	0	1	1	0	0	0	1	1	0	1	0	0.305928	0
chr15_44195504_44196431-chr15_44172061_44179358	1	1	0	0	0	1	0	0	1	0	1	0	1	0	0	0	0	0	1	0	0.915985	0
chr16_25949022_25964647-chr16_25896395_25898686	0	1	0	1	0	1	0	0	1	0	0	0	0	0	0	1	0	0	0	0	0.253996	0
chr16_26062691_26065333-chr16_25896395_25898686	0	0	1	0	0	1	0	0	0	0	0	0	0	0	0	1	0	0	0	0	0.998886	0
chr16_349199_363868-chr16_277803_285342	1	1	0	0	0	0	0	0	1	0	1	1	1	0	1	1	1	0	0	1	0.0516506	0
chr16_363868_370529-chr16_413010_420925	1	1	0	0	0	0	0	1	1	0	0	1	0	0	1	1	1	0	0	0	-0.129682	0
chr16_406311_412386-chr16_125725_134450	1	1	0	0	0	0	0	0	1	0	1	1	0	0	0	1	1	1	1	0	0.525834	0
chr18_25538291_25544435-chr18_25752943_25759013	0	0	0	0	0	0	0	0	1	0	0	1	0	1	0	1	1	0	1	0	0.207202	0
chr18_25707318_25707815-chr18_25675153_25681551	0	0	0	0	0	0	0	0	0	0	0	0	0	0	0	0	0	0	0	0	1	0
chr18_25727211_25730009-chr18_25614968_25620631	0	0	0	0	0	0	0	0	0	0	0	0	0	0	0	0	0	0	0	0	1	0
chr18_25741912_25743453-chr18_25614968_25620631	0	0	0	0	0	0	0	0	0	0	0	0	0	0	0	0	0	0	0	0	1	0
chr18_25743453_25746707-chr18_25675153_25681551	0	0	0	0	0	0	0	0	0	0	0	0	0	0	0	0	0	0	0	0	1	0
chr18_25764248_25766620-chr18_25625318_25625732	0	0	0	0	0	0	0	0	0	0	0	0	0	0	0	0	0	0	0	0	1	0
chr18_61577216_61579377-chr18_61652027_61655135	0	0	0	0	0	0	0	0	0	0	0	0	0	0	0	0	0	0	0	0	1	0
chr19_54331773_54346301-chr19_54663039_54664754	1	0	1	0	0	1	1	0	1	0	1	1	1	0	0	1	1	0	0	1	0.415474	0
chr19_54421356_54421501-chr19_54653912_54657233	0	0	0	0	1	0	0	0	0	0	0	0	0	0	1	0	0	1	0	0	0.992896	0
chr19_54421356_54421501-chr19_54693794_54695540	0	0	0	0	1	0	0	0	0	0	0	1	1	0	0	1	1	0	0	0	0.269035	0
chr19_54440693_54447985-chr19_54647787_54653912	1	1	1	0	0	1	1	0	1	1	0	0	0	0	1	0	0	1	0	0	-0.70972	0
chr19_54454784_54461360-chr19_54653912_54657233	0	1	1	0	0	1	1	0	1	0	0	0	0	0	1	0	0	1	0	0	-0.370019	0
chr19_54657233_54663039-chr19_54600850_54620705	1	1	1	0	1	1	1	1	1	0	0	1	1	0	1	1	1	0	0	1	0.551468	0
chr19_54695540_54703388-chr19_54361186_54373774	0	1	1	0	1	1	1	0	0	0	0	1	1	0	0	1	1	0	1	1	0.792539	0
chr19_54695540_54703388-chr19_54653912_54657233	0	1	1	0	1	1	1	0	0	0	0	0	0	0	1	0	0	1	0	0	-0.0793378	0
chr19_54835566_54836045-chr19_54691409_54693496	0	0	0	0	0	1	0	0	0	0	1	1	1	0	1	1	1	0	1	1	0.168276	0
chr19_54862831_54866484-chr19_54935996_54949475	1	1	0	0	0	0	0	0	1	0	1	1	0	1	0	1	0	1	1	0	0.658628	0
chr1_151178589_151180715-chr1_151270864_151283078	0	0	0	0	0	0	0	0	0	0	1	0	0	0	1	0	0	0	1	0	2.15703e-17	0
chr1_151216357_151218821-chr1_151379560_151381232	0	0	0	0	1	0	0	0	0	0	0	0	0	0	1	0	0	0	0	0	1	0
chr1_151216357_151218821-chr1_151426875_151427826	0	0	0	0	1	0	0	0	0	0	0	0	0	0	0	0	0	1	0	0	0.111111	0
chr1_151239923_151245172-chr1_151379560_151381232	0	0	0	0	1	0	0	0	0	0	0	0	0	0	1	0	0	0	0	0	1	0
chr1_151382407_151385079-chr1_151219411_151234038	0	0	0	0	1	0	0	0	0	0	1	1	1	0	1	1	1	0	1	1	-0.0795818	0
chr1_151385079_151385397-chr1_151246650_151254384	0	0	0	0	1	0	0	0	0	0	0	1	1	0	0	1	1	0	1	1	-0.368122	0
chr1_151385397_151386031-chr1_151270864_151283078	0	0	0	0	1	0	0	0	0	0	1	0	0	0	1	0	0	0	1	0	0.288511	0
chr1_151385397_151386031-chr1_151537406_151542198	0	0	0	0	1	0	0	0	0	0	0	0	0	0	1	0	0	0	0	0	1	0
chr1_151393910_151394636-chr1_151618750_151636526	0	0	0	0	1	0	0	0	0	0	0	0	0	0	0	0	0	0	0	0	1.1635e-16	0
chr1_151437878_151443030-chr1_151496437_151509688	0	0	0	0	0	0	0	0	0	0	1	1	0	0	1	0	0	0	1	0	2.85612e-17	0
chr1_151437878_151443030-chr1_151537406_151542198	0	0	0	0	0	0	0	0	0	0	0	0	0	0	1	0	0	0	0	0	5.2244e-17	0
chr1_151443030_151447169-chr1_151234038_151239923	0	1	0	0	0	1	1	0	0	1	0	0	0	0	1	0	0	0	0	0	0.261036	0
chr1_151458136_151461439-chr1_151394636_151397333	1	0	0	0	0	0	0	0	1	0	0	0	0	0	1	0	0	0	0	0	0.166665	0
chr1_151458136_151461439-chr1_151411623_151426875	1	0	0	0	0	0	0	0	1	0	1	0	0	0	0	0	0	1	1	0	0.983253	0
chr1_151458136_151461439-chr1_151611063_151612435	1	0	0	0	0	0	0	0	1	0	0	0	0	0	0	0	0	0	0	0	2.77665e-17	0
chr1_151473324_151476039-chr1_151368336_151375897	1	0	0	0	0	0	0	0	1	0	1	1	1	0	1	1	1	1	1	1	0.3415	0
chr1_151542198_151546427-chr1_151368336_151375897	0	0	0	0	1	0	0	0	0	0	1	1	1	0	1	1	1	1	1	1	-0.203488	0
chr1_151542198_151546427-chr1_151583022_151588067	0	0	0	0	1	0	0	0	0	0	0	1	1	0	0	1	1	0	0	1	0.312131	0
chr1_151546427_151553405-chr1_151512437_151516085	0	0	0	0	1	0	0	0	1	0	0	1	1	0	0	1	1	0	0	1	-0.418338	0
chr1_151553405_151554759-chr1_151394636_151397333	0	0	0	0	1	0	0	0	0	0	0	0	0	0	1	0	0	0	0	0	1	0
chr1_151554759_151560153-chr1_151309061_151322694	0	0	0	0	1	0	0	0	0	0	1	1	1	0	1	1	1	0	1	1	0.0408486	0
chr1_151591512_151592347-chr1_151483211_151496437	0	0	0	0	0	0	0	0	0	0	0	1	1	0	1	1	1	0	0	1	8.92421e-17	0
chr20_33844797_33847194-chr20_33868733_33888526	0	0	1	0	0	0	1	0	0	0	0	1	1	0	1	1	1	1	0	1	0.133955	0
chr20_33918187_33927199-chr20_34191549_34194345	0	0	0	0	0	0	0	0	0	0	1	1	0	1	0	0	0	0	1	0	1.64592e-16	0
chr20_34086509_34095771-chr20_33893927_33895258	0	0	0	0	1	0	0	0	0	0	1	1	0	0	0	0	0	0	1	0	0.185503	0
chr20_34086509_34095771-chr20_34020063_34021575	0	0	0	0	1	0	0	0	0	0	1	0	0	0	0	0	0	0	1	0	0.166659	0
chr20_34245115_34249299-chr20_34124012_34154818	0	0	0	0	0	1	0	1	0	0	1	1	1	0	1	1	1	0	1	1	-0.267643	0
chr20_34315020_34317196-chr20_33868733_33888526	0	0	0	0	1	0	0	1	0	0	0	1	1	0	1	1	1	1	0	1	0.233668	0
chr20_34315020_34317196-chr20_33994792_34007876	0	0	0	0	1	0	0	1	0	0	0	1	1	0	0	1	1	0	0	1	-0.387189	0
chr21_33787438_33788008-chr21_33975527_33977910	0	0	0	1	0	0	0	0	0	0	0	1	1	0	1	1	1	0	0	0	0.287542	0
chr21_33787438_33788008-chr21_34136979_34144925	0	0	0	1	0	0	0	0	0	0	1	1	1	0	1	1	1	1	0	1	-0.492245	0
chr21_33876344_33879526-chr21_34838664_34841311	0	0	0	0	0	0	0	0	0	0	0	0	0	0	0	0	0	0	0	0	1	0
chr21_33893072_33895666-chr21_34136979_34144925	1	0	0	0	0	0	0	0	1	0	1	1	1	0	1	1	1	1	0	1	-0.17896	0
chr21_33895666_33902090-chr21_33823876_33836146	1	0	0	0	0	0	0	0	1	0	0	0	0	0	0	0	0	0	0	0	2.77665e-17	0
chr21_33895666_33902090-chr21_34838664_34841311	1	0	0	0	0	0	0	0	1	0	0	0	0	0	0	0	0	0	0	0	2.77665e-17	0
chr21_34013415_34016947-chr21_33957296_33971567	0	0	0	0	0	0	0	0	1	0	0	0	0	0	1	0	0	1	0	0	0.12904	0
chr21_34133007_34136979-chr21_34769609_34775307	0	0	0	0	1	0	0	1	0	0	0	1	0	0	0	1	1	0	0	0	0.232985	0
chr21_34283040_34289103-chr21_34129055_34133007	1	0	0	0	0	0	0	0	1	0	0	0	0	0	1	0	0	1	0	0	0.213284	0
chr21_34290615_34294919-chr21_34949753_34954485	1	0	0	0	0	0	0	0	1	0	0	0	0	0	1	0	0	0	0	0	0.166665	0
chr21_34324205_34326233-chr21_34021370_34027065	0	0	0	0	0	0	0	0	0	0	1	0	0	0	0	0	0	0	1	0	2.77665e-17	0
chr21_34345119_34349381-chr21_34958824_34971021	0	0	0	0	0	0	0	0	0	0	0	1	1	0	0	1	1	0	0	0	1.44215e-16	0
chr21_34368921_34373304-chr21_34954683_34958824	0	0	0	0	0	0	0	0	0	0	0	0	0	0	0	0	0	0	0	0	1	0
chr21_34392307_34395660-chr21_34878895_34883480	0	1	0	1	0	1	0	0	0	0	0	0	0	0	1	0	0	0	0	0	0.216381	0
chr21_34392307_34395660-chr21_35177275_35183972	0	1	0	1	0	1	0	0	0	0	0	0	0	0	0	0	0	0	0	0	2.3375e-16	0
chr21_34399605_34403058-chr21_34129055_34133007	0	1	0	1	0	1	0	1	0	0	0	0	0	0	1	0	0	1	0	0	0.229572	0
chr21_34406842_34409710-chr21_34097996_34100626	0	1	0	1	0	1	0	1	0	0	0	1	0	0	0	1	0	0	0	1	0.594117	0
chr21_34414130_34416142-chr21_34971021_34981157	0	0	0	1	0	0	0	0	0	0	1	0	0	0	0	0	0	0	1	0	0.166665	0
chr21_34448768_34449752-chr21_33755387_33767165	0	1	0	1	0	1	0	0	0	0	1	1	0	0	1	1	1	1	1	1	0.156025	0
chr21_34470048_34482302-chr21_34861481_34868439	0	1	0	1	0	1	0	0	0	0	0	1	1	0	0	1	1	0	0	0	0.253124	0
chr21_34483727_34490765-chr21_34943068_34946779	0	1	0	1	0	0	0	0	0	0	0	0	0	0	1	0	0	0	0	0	0.153521	0
chr21_34500102_34504188-chr21_33755387_33767165	0	0	0	1	0	1	0	0	0	0	1	1	0	0	1	1	1	1	1	1	0.0381706	0
chr21_34570770_34574118-chr21_35186605_35205021	1	0	0	0	0	0	0	0	1	0	0	0	0	0	1	0	0	0	0	0	0.166665	0
chr21_34726223_34731251-chr21_34838664_34841311	0	0	0	0	1	0	0	0	0	0	0	0	0	0	0	0	0	0	0	0	2.04489e-16	0
chr21_34726223_34731251-chr21_34883480_34892700	0	0	0	0	1	0	0	0	0	0	0	0	0	0	1	0	0	0	0	0	1	0
chr21_34732065_34734920-chr21_33755387_33767165	1	1	1	0	0	1	0	0	1	1	1	1	0	0	1	1	1	1	1	1	0.0402931	0
chr21_34732065_34734920-chr21_34849205_34854621	1	1	1	0	0	1	0	0	1	1	1	1	1	0	0	1	1	0	1	1	0.386079	0
chr21_34796791_34798106-chr21_35177275_35183972	0	0	0	0	0	0	0	0	0	0	0	0	0	0	0	0	0	0	0	0	1	0
chr21_34807385_34809432-chr21_34395660_34399605	0	0	0	0	1	0	0	0	0	0	1	1	0	1	0	1	0	0	1	0	-0.31283	0
chr21_34809432_34819525-chr21_34439285_34444232	1	0	0	0	1	0	0	0	1	0	0	1	0	1	0	1	0	0	0	0	-0.356389	0
chr21_34927563_34930420-chr21_34838664_34841311	0	0	0	0	1	0	0	1	0	0	0	0	0	0	0	0	0	0	0	0	3.30411e-17	0
chr21_34930420_34930779-chr21_34878895_34883480	0	0	0	0	1	0	0	0	0	0	0	0	0	0	1	0	0	0	0	0	1	0
chr21_35029593_35035678-chr21_34775307_34782293	0	0	0	0	0	0	0	0	0	0	0	1	1	0	0	1	1	0	0	1	8.35334e-17	0
chr21_35035678_35037188-chr21_34878895_34883480	0	0	0	0	0	0	0	0	0	0	0	0	0	0	1	0	0	0	0	0	1.33928e-17	0
chr21_35053614_35055641-chr21_34958824_34971021	0	0	1	0	0	1	0	0	0	0	0	1	1	0	0	1	1	0	0	0	0.414363	0
chr21_35058574_35064569-chr21_35186605_35205021	0	0	1	0	0	1	0	1	0	0	0	0	0	0	1	0	0	0	0	0	0.198232	0
chr21_35065453_35067703-chr21_35186605_35205021	0	0	0	0	0	0	0	0	0	0	0	0	0	0	1	0	0	0	0	0	1.12008e-16	0
chr21_35067703_35067818-chr21_34940494_34942366	0	0	0	0	0	0	0	0	0	0	0	0	0	0	0	0	0	0	0	0	1	0
chr21_35070136_35076508-chr21_34691871_34698196	0	0	0	0	0	0	0	0	0	0	0	1	1	0	0	1	1	0	0	1	9.77807e-17	0
chr21_35070136_35076508-chr21_34954683_34958824	0	0	0	0	0	0	0	0	0	0	0	0	0	0	0	0	0	0	0	0	1	0
chr21_35080147_35082718-chr21_34949753_34954485	0	0	0	0	0	0	0	0	0	0	0	0	0	0	1	0	0	0	0	0	8.83591e-17	0
chr21_35096316_35096775-chr21_35177275_35183972	0	0	0	0	0	0	0	0	0	0	0	0	0	0	0	0	0	0	0	0	1	0
chr21_35153506_35154718-chr21_34943068_34946779	0	0	0	0	0	0	0	0	0	0	0	0	0	0	1	0	0	0	0	0	1.14452e-16	0
chr21_35256847_35271177-chr21_34883480_34892700	1	1	0	0	0	1	0	0	1	1	0	0	0	0	1	0	0	0	0	0	0.30238	0
chr21_35256847_35271177-chr21_34943068_34946779	1	1	0	0	0	1	0	0	1	1	0	0	0	0	1	0	0	0	0	0	0.30238	0
chr21_35275772_35276192-chr21_34943068_34946779	0	0	0	0	1	0	0	0	0	0	0	0	0	0	1	0	0	0	0	0	1	0
chr21_35345104_35354242-chr21_35177275_35183972	0	0	0	0	0	0	0	0	0	0	0	0	0	0	0	0	0	0	0	0	1	0
chr21_35355300_35360638-chr21_34930779_34940494	0	0	0	0	0	0	0	0	0	0	0	0	0	0	1	0	0	1	0	0	2.25332e-17	0
chr21_35400165_35407554-chr21_35002132_35016423	0	0	0	0	0	1	0	0	0	0	0	1	1	0	0	1	1	1	0	1	0.302904	0
chr21_35407554_35421292-chr21_34943068_34946779	1	0	0	0	0	0	0	0	1	0	0	0	0	0	1	0	0	0	0	0	0.166383	0
chr21_35434566_35434641-chr21_34954683_34958824	0	0	0	0	0	0	0	0	0	0	0	0	0	0	0	0	0	0	0	0	1	0
chr21_40454919_40468018-chr21_40757151_40764378	1	1	0	0	0	0	0	0	1	0	1	1	0	0	1	1	0	0	1	0	0.746936	0
chr21_40559845_40561759-chr21_40748850_40752541	0	0	0	0	0	0	0	0	0	0	0	1	1	0	0	1	1	0	0	1	1.96148e-16	0
chr21_40561759_40565363-chr21_40757151_40764378	0	0	0	0	0	0	0	0	0	0	1	1	0	0	1	1	0	0	1	0	2.20374e-16	0
chr21_40581316_40583765-chr21_40648570_40653254	0	0	0	0	1	0	0	0	0	0	0	0	0	0	0	0	0	0	0	0	1.77534e-16	0
chr21_40581316_40583765-chr21_40680541_40686083	0	0	0	0	1	0	0	0	0	0	1	1	1	0	0	1	1	1	1	1	-0.470495	0
chr21_40614587_40619915-chr21_40719556_40731086	0	0	0	0	1	0	0	0	0	0	0	1	1	0	1	1	1	1	0	1	0.0565882	0
chr21_40646017_40648570-chr21_40690033_40695071	0	0	0	0	0	0	0	0	0	0	0	0	0	0	0	0	0	0	0	0	1	0
chr21_40670127_40671591-chr21_40565363_40575691	0	0	0	0	1	0	0	0	0	0	0	0	0	0	1	0	0	0	0	0	1	0
chr21_40670127_40671591-chr21_40719556_40731086	0	0	0	0	1	0	0	0	0	0	0	1	1	0	1	1	1	1	0	1	0.0565882	0
chr21_40671591_40673895-chr21_40764378_40772155	0	0	0	0	0	0	0	0	0	0	1	0	0	0	1	0	0	0	1	0	1.23846e-16	0
chr21_40677231_40680541-chr21_40757151_40764378	0	0	0	0	0	0	0	0	0	0	1	1	0	0	1	1	0	0	1	0	2.20374e-16	0
chr22_32061138_32064448-chr22_32437694_32446418	1	0	0	0	0	0	0	0	1	0	0	0	0	0	0	0	0	0	0	0	2.77665e-17	0
chr22_32115702_32118484-chr22_32342898_32343477	0	0	0	0	1	0	0	0	0	0	1	0	1	0	1	1	0	1	1	0	0.187382	0
chr22_32122852_32122964-chr22_32264718_32278135	0	0	0	0	1	0	0	0	0	0	1	0	0	0	1	0	0	0	1	0	0.0373512	0
chr22_32137554_32145079-chr22_32053085_32061138	0	0	1	0	0	1	1	0	0	0	0	1	1	0	0	1	1	0	0	1	0.800914	0
chr22_32137554_32145079-chr22_32872511_32874561	0	0	1	0	0	1	1	0	0	0	0	0	0	0	0	1	0	1	0	0	0.425554	0
chr22_32215168_32228866-chr22_32860159_32865649	1	0	0	0	1	0	0	0	1	0	0	0	0	1	0	0	0	0	0	0	0.19445	0
chr22_32461576_32467025-chr22_33452523_33459358	0	0	0	0	0	0	0	0	0	0	1	1	0	1	0	1	1	1	1	1	3.43479e-16	0
chr22_32475239_32477762-chr22_32228866_32235273	1	0	0	0	0	0	0	0	1	0	1	0	0	0	0	0	0	0	1	0	0.998577	0
chr22_32499630_32503866-chr22_31998728_32011472	1	0	0	0	0	0	0	0	1	0	0	1	0	0	0	0	0	1	1	0	0.596791	0
chr22_32558050_32578360-chr22_32878464_32886640	1	1	0	1	0	1	0	0	1	0	0	0	0	0	0	0	0	0	0	0	1.51075e-16	0
chr22_32694902_32708216-chr22_33452523_33459358	0	0	0	0	0	0	0	0	0	0	1	1	0	1	0	1	1	1	1	1	3.43479e-16	0
chr22_32708441_32722072-chr22_32740683_32750950	0	1	1	0	0	0	0	0	0	0	0	1	0	0	0	0	0	0	0	1	0.463589	0
chr22_32722072_32732998-chr22_32794642_32796338	0	1	1	0	0	0	0	0	0	0	0	0	0	0	1	0	0	0	0	0	0.165998	0
chr22_32787968_32792766-chr22_32750950_32761732	0	0	0	0	1	0	0	0	0	0	1	1	0	0	0	0	0	0	1	1	0.263659	0
chr22_32876067_32877399-chr22_32878464_32886640	0	0	0	0	0	0	0	0	0	0	0	0	0	0	0	0	0	0	0	0	1	0
chr22_32931418_32937912-chr22_32170492_32188129	0	0	0	0	0	0	0	0	0	0	0	0	0	0	1	0	0	0	0	0	1.10149e-16	0
chr22_33052831_33056804-chr22_32920308_32927723	1	1	0	0	0	0	0	0	1	0	1	1	0	0	0	1	0	0	1	0	0.656077	0
chr22_33224847_33230875-chr22_32740683_32750950	0	0	0	0	0	1	0	0	0	0	0	1	0	0	0	0	0	0	0	1	0.166278	0
chr22_33368625_33375969-chr22_32764253_32784733	0	0	0	0	1	0	0	0	0	0	1	1	0	0	1	0	0	0	1	0	0.0212787	0
chr22_33387274_33389304-chr22_32594665_32606395	0	0	0	0	0	0	0	0	0	0	1	1	0	1	0	1	0	0	1	0	1.34653e-16	0
chr22_33387274_33389304-chr22_32802848_32805157	0	0	0	0	0	0	0	0	0	0	0	0	0	0	1	0	0	0	0	0	9.92164e-17	0
chr22_33387274_33389304-chr22_33190123_33206921	0	0	0	0	0	0	0	0	0	0	1	1	0	1	0	1	1	0	1	1	-2.08876e-16	0
chr22_33412874_33414483-chr22_33452523_33459358	1	1	0	0	0	0	0	1	1	0	1	1	0	1	0	1	1	1	1	1	0.379185	0
chr22_33418971_33427592-chr22_32878464_32886640	0	0	0	0	0	0	0	1	0	0	0	0	0	0	0	0	0	0	0	0	3.48968e-17	0
chr22_33431918_33433588-chr22_33452523_33459358	0	0	0	0	0	0	0	1	0	0	1	1	0	1	0	1	1	1	1	1	-0.242384	0
chr22_33439708_33440528-chr22_32740683_32750950	0	0	0	0	0	0	0	1	0	0	0	1	0	0	0	0	0	0	0	1	0.166278	0
chr22_33472731_33475642-chr22_33452523_33459358	0	0	0	0	0	0	0	0	0	0	1	1	0	1	0	1	1	1	1	1	3.43479e-16	0
chr2_118586226_118587088-chr2_118749135_118755560	0	0	0	0	1	0	0	0	0	0	0	0	0	0	1	0	0	0	0	0	1	0
chr2_118697140_118698534-chr2_118580234_118582590	0	0	0	0	1	0	0	0	0	0	0	0	0	0	1	0	0	0	0	0	1	0
chr2_118785980_118792258-chr2_118765904_118775342	1	0	0	0	0	0	0	0	1	0	0	1	0	1	0	1	1	0	0	0	-0.404605	0
chr2_220522698_220526852-chr2_220418321_220440885	0	0	0	0	0	0	0	0	0	0	1	1	1	1	1	1	1	0	1	1	-3.15621e-16	0
chr2_220535184_220539846-chr2_220307194_220309040	0	0	0	0	0	0	0	0	0	0	0	1	0	1	0	1	0	0	0	0	8.66945e-17	0
chr2_220552916_220561414-chr2_220487655_220503909	1	0	0	0	0	0	0	0	1	0	1	1	0	1	0	1	1	0	1	0	0.421604	0
chr5_131301697_131308282-chr5_131391190_131405195	0	0	0	0	0	0	0	0	0	0	1	1	0	0	0	0	0	0	1	0	1.47054e-16	0
chr5_131301697_131308282-chr5_131802699_131812305	0	0	0	0	0	0	0	0	0	0	0	0	0	0	0	0	0	0	0	0	1	0
chr5_131311855_131316841-chr5_132086228_132087086	0	0	0	0	0	0	0	0	0	0	0	0	0	1	0	0	0	0	0	0	7.82519e-17	0
chr5_131356954_131363862-chr5_131391190_131405195	0	0	0	0	0	0	0	0	0	0	1	1	0	0	0	0	0	0	1	0	1.47054e-16	0
chr5_131573377_131577595-chr5_131391190_131405195	1	1	0	0	0	0	0	0	1	0	1	1	0	0	0	0	0	0	1	0	0.823232	0
chr5_131573377_131577595-chr5_131892428_131895867	1	1	0	0	0	0	0	0	1	0	0	1	1	0	0	1	1	0	0	1	-0.442699	0
chr5_131658425_131658940-chr5_131331867_131336835	0	0	1	0	0	1	1	0	0	0	0	0	0	0	0	0	0	0	0	0	0	0
chr5_131658425_131658940-chr5_131886820_131892428	0	0	1	0	0	1	1	0	0	0	0	1	1	0	0	1	1	0	0	0	0.767327	0
chr5_131658940_131662350-chr5_131600377_131610541	0	0	0	0	0	0	0	0	0	0	1	1	0	0	0	0	0	0	1	0	5.26357e-17	0
chr5_131769188_131778588-chr5_131391190_131405195	0	1	0	0	0	1	0	0	0	0	1	1	0	0	0	0	0	0	1	0	0.138699	0
chr5_131781011_131781696-chr5_131744513_131749743	0	0	0	0	0	0	0	0	0	0	1	1	1	0	0	1	1	0	1	1	1.30888e-16	0
chr5_131781696_131784624-chr5_132156357_132171004	0	0	0	0	0	0	0	0	0	0	1	1	1	1	0	1	1	0	1	1	-3.11126e-16	0
chr5_131792923_131802699-chr5_131346229_131348838	1	0	0	0	0	1	0	0	0	0	0	1	0	1	0	1	0	0	0	0	0.0892468	0
chr5_131863088_131870720-chr5_131825018_131826957	0	0	0	0	0	1	0	0	0	0	0	1	1	1	0	1	1	1	0	1	0.337986	0
chr5_131885133_131886820-chr5_131600377_131610541	0	0	0	0	0	0	0	0	0	0	1	1	0	0	0	0	0	0	1	0	5.26357e-17	0
chr5_131895867_131902145-chr5_131892428_131895867	0	0	0	0	0	0	0	0	0	0	0	1	1	0	0	1	1	0	0	1	1.31749e-16	0
chr5_131902145_131906574-chr5_131600377_131610541	0	0	0	0	0	0	0	0	0	0	1	1	0	0	0	0	0	0	1	0	5.26357e-17	0
chr5_131902145_131906574-chr5_131720388_131722317	0	0	0	0	0	0	0	0	0	0	1	1	0	0	0	0	0	0	1	0	6.72591e-17	0
chr5_131923592_131925769-chr5_131321565_131328527	0	0	0	0	1	0	0	0	0	0	0	0	0	0	0	0	0	0	0	0	8.43553e-18	0
chr5_132090376_132090779-chr5_131704173_131712465	1	0	0	0	0	0	0	0	0	0	0	1	0	1	0	1	1	0	0	1	-0.298428	0
chr5_132090376_132090779-chr5_131744513_131749743	1	0	0	0	0	0	0	0	0	0	1	1	1	0	0	1	1	0	1	1	0.186161	0
chr5_132107314_132107958-chr5_132086228_132087086	0	1	0	0	0	0	0	0	0	0	0	0	0	1	0	0	0	0	0	0	0.111111	0
chr5_132171004_132174027-chr5_131976946_131992507	0	0	0	0	0	0	0	0	1	0	0	1	0	1	1	1	0	0	1	0	0.293689	0
chr5_132213048_132219273-chr5_132086228_132087086	1	0	0	0	1	0	0	0	1	0	0	0	0	1	0	0	0	0	0	0	0.189063	0
chr5_132220887_132224787-chr5_132030429_132039062	0	0	0	0	1	0	0	0	0	0	0	0	0	0	0	0	0	0	1	0	0.111111	0
chr5_132224787_132226935-chr5_132108948_132117126	0	0	0	0	1	0	0	0	0	0	0	1	0	1	0	1	1	0	0	0	0.224189	0
chr5_141899967_141905049-chr5_142144652_142155937	0	0	0	0	0	0	0	0	0	0	1	1	1	1	0	1	1	1	1	1	1.11558e-16	0
chr5_142155937_142158422-chr5_142253283_142256525	0	0	0	0	0	0	0	0	0	0	0	0	0	0	0	0	0	0	1	0	2.4424e-17	0
chr5_142158422_142160396-chr5_142077053_142078408	0	0	0	0	0	0	0	0	0	0	0	0	0	0	0	0	0	0	0	0	1	0
chr5_142170246_142174535-chr5_142077053_142078408	0	0	0	0	0	0	0	0	0	0	0	0	0	0	0	0	0	0	0	0	1	0
chr5_142188498_142191563-chr5_142077053_142078408	0	0	0	0	0	0	0	0	0	0	0	0	0	0	0	0	0	0	0	0	1	0
chr5_142191563_142193662-chr5_142277836_142291021	0	0	0	0	0	0	0	0	0	0	0	0	0	0	0	0	0	0	0	0	1	0
chr5_142257375_142257448-chr5_142144652_142155937	0	0	0	0	0	0	0	0	0	0	1	1	1	1	0	1	1	1	1	1	1.11558e-16	0
chr5_142258618_142259026-chr5_142077053_142078408	0	0	0	0	0	0	0	0	0	0	0	0	0	0	0	0	0	0	0	0	1	0
chr5_142300779_142311634-chr5_142277836_142291021	1	0	0	0	0	0	0	0	1	0	0	0	0	0	0	0	0	0	0	0	1.16085e-16	0
chr5_55957228_55959536-chr5_56242557_56249565	0	0	0	0	0	1	0	0	0	0	1	1	1	0	1	1	1	0	1	1	0.170489	0
chr5_56325439_56334659-chr5_56200128_56206898	1	0	0	0	0	0	0	0	1	0	0	1	1	0	0	1	1	0	0	1	-0.479156	0
chr6_108462309_108465346-chr6_108364020_108374218	0	0	0	1	0	0	0	0	0	0	1	0	0	0	0	0	0	0	1	0	0.166665	0
chr6_108473689_108476234-chr6_108614454_108622835	0	0	0	1	0	0	0	0	0	0	0	1	1	0	0	1	1	0	0	0	0.252406	0
chr6_108476234_108482512-chr6_108385601_108396452	0	1	0	1	0	1	0	1	0	0	0	1	1	1	0	1	1	0	0	0	0.390277	0
chr6_108493519_108493643-chr6_108573333_108582304	0	1	0	1	0	1	0	1	0	0	0	1	1	0	0	1	1	0	1	0	0.184781	0
chr6_108548604_108550092-chr6_108483640_108493519	0	0	0	0	0	0	0	0	0	0	1	1	0	1	0	1	0	1	1	0	1.06324e-16	0
chr6_108550092_108551970-chr6_108364020_108374218	0	0	0	0	0	0	0	0	0	0	1	0	0	0	0	0	0	0	1	0	2.77665e-17	0
chr6_41387137_41400430-chr6_41298532_41312432	1	1	0	1	0	1	0	0	1	0	1	0	0	0	0	0	0	0	1	0	0.378198	0
chr6_41430934_41440274-chr6_41298532_41312432	0	1	0	1	0	1	0	0	1	0	1	0	0	0	0	0	0	0	1	0	0.107949	0
chr6_41453399_41456343-chr6_41533943_41539412	0	1	0	1	0	1	0	0	0	0	0	1	0	0	0	1	0	0	0	0	0.771299	0
chr6_41461212_41464533-chr6_41746527_41752786	0	1	0	1	0	1	0	0	0	0	1	1	0	1	0	1	0	0	1	0	0.713996	0
chr6_41475625_41477033-chr6_41752786_41755426	0	0	0	1	0	0	0	0	0	0	1	1	1	1	0	1	1	0	1	1	-0.212722	0
chr6_41615824_41624205-chr6_41746527_41752786	0	0	0	0	0	0	1	0	0	0	1	1	0	1	0	1	0	0	1	0	-0.325993	0
chr6_41628346_41632049-chr6_41745686_41746527	0	1	0	0	0	0	0	0	0	0	0	0	0	0	0	1	0	0	0	0	0.111111	0
chr6_41640880_41647208-chr6_41464533_41474350	0	0	0	1	0	1	0	0	0	0	0	1	0	1	0	1	0	0	0	0	0.678875	0
chr6_73783524_73789464-chr6_73969782_73974110	0	0	0	0	0	0	0	0	0	0	0	1	0	0	0	1	1	0	0	0	2.50832e-16	0
chr6_73890508_73892080-chr6_73969782_73974110	1	0	0	0	0	0	0	0	1	0	0	1	0	0	0	1	1	0	0	0	0.323447	0
chr6_74225478_74226762-chr6_74099986_74112890	1	0	1	0	1	1	1	0	1	0	0	1	0	0	0	1	0	0	0	0	0.293623	0
chr7_115837806_115846735-chr7_116164208_116169248	0	0	0	0	0	0	0	0	0	0	1	1	0	1	0	1	0	0	1	0	8.45215e-17	0
chr7_116232703_116234744-chr7_116135055_116142203	0	0	0	0	0	0	0	0	0	0	0	1	0	1	0	1	0	0	0	0	1.4636e-16	0
chr7_116234744_116241628-chr7_116307511_116321259	1	0	0	0	0	0	0	0	1	0	1	1	0	1	0	1	1	0	1	0	0.362187	0
chr7_116321671_116329052-chr7_116434729_116454408	0	0	0	0	0	0	0	0	0	0	1	0	0	0	0	0	0	0	1	0	2.77665e-17	0
chr7_116348432_116350971-chr7_117119361_117120895	0	0	0	0	0	0	0	0	0	0	0	0	0	1	0	1	1	0	0	0	1.77041e-16	0
chr7_116414428_116414735-chr7_116849860_116864942	0	0	0	1	0	0	0	0	0	0	1	0	0	0	0	0	0	0	1	0	0.166665	0
chr7_116532782_116535085-chr7_116135055_116142203	0	0	0	0	0	0	0	0	0	0	0	1	0	1	0	1	0	0	0	0	1.4636e-16	0
chr7_116599334_116604327-chr7_115861595_115870968	0	0	0	0	0	0	0	0	0	0	0	0	0	0	0	0	0	0	0	0	1	0
chr7_116701885_116703394-chr7_116307511_116321259	0	0	0	0	0	0	0	0	0	0	1	1	0	1	0	1	1	0	1	0	-3.40725e-17	0
chr7_116718723_116724481-chr7_116754962_116765597	0	0	0	0	0	0	0	0	0	0	1	0	0	0	0	1	0	0	1	0	1.20152e-16	0
chr7_116770172_116771473-chr7_115861595_115870968	0	0	0	0	0	0	0	0	0	0	0	0	0	0	0	0	0	0	0	0	1	0
chr7_116770172_116771473-chr7_116434729_116454408	0	0	0	0	0	0	0	0	0	0	1	0	0	0	0	0	0	0	1	0	2.77665e-17	0
chr7_116770172_116771473-chr7_117119361_117120895	0	0	0	0	0	0	0	0	0	0	0	0	0	1	0	1	1	0	0	0	1.77041e-16	0
chr7_116778875_116779896-chr7_115861595_115870968	0	0	0	0	0	1	0	0	0	0	0	0	0	0	0	0	0	0	0	0	1.13146e-16	0
chr7_116789291_116789869-chr7_117398060_117398372	0	0	0	0	0	0	0	0	0	0	0	0	0	0	1	0	0	0	0	0	1.58513e-16	0
chr7_117012421_117016366-chr7_116659879_116661783	0	0	0	0	0	0	0	0	1	0	0	0	0	0	0	1	0	0	0	0	0.111111	0
chr7_117024206_117025981-chr7_117119361_117120895	0	0	0	0	0	0	0	0	1	0	0	0	0	1	0	1	1	0	0	0	0.216781	0
chr7_117429273_117432820-chr7_116728195_116740907	0	0	0	0	1	0	0	0	1	0	0	0	0	0	0	0	0	0	0	0	5.35767e-17	0
chr7_117441177_117442331-chr7_117119361_117120895	0	0	0	0	0	0	0	0	0	0	0	0	0	1	0	1	1	0	0	0	1.77041e-16	0
chr7_117452391_117455280-chr7_116604327_116608063	0	0	0	0	0	0	0	0	0	0	0	0	0	0	0	0	0	0	0	0	1	0
chr7_117452391_117455280-chr7_117114628_117119361	0	0	0	0	0	0	0	0	0	0	0	0	0	1	0	1	1	0	0	0	1.77041e-16	0
chr7_117457748_117458937-chr7_116604327_116608063	0	0	0	0	0	0	0	0	0	0	0	0	0	0	0	0	0	0	0	0	1	0
chr7_117497546_117498125-chr7_117511043_117514740	0	0	0	0	0	0	0	0	0	0	0	1	1	0	0	1	1	0	0	0	1.61663e-16	0
chr7_117506603_117508270-chr7_117432820_117434816	0	0	0	0	0	0	0	0	0	0	0	0	0	0	1	0	0	0	0	0	1.14801e-16	0
chr7_117508270_117508761-chr7_116957165_116964911	0	0	0	0	0	1	0	0	0	0	0	1	0	1	0	1	0	0	0	0	0.539747	0
chr7_117529019_117529394-chr7_116604327_116608063	0	0	0	0	0	0	0	0	0	0	0	0	0	0	0	0	0	0	0	0	1	0
chr7_117529019_117529394-chr7_116728195_116740907	0	0	0	0	0	0	0	0	0	0	0	0	0	0	0	0	0	0	0	0	1	0
chr7_117529019_117529394-chr7_116754962_116765597	0	0	0	0	0	0	0	0	0	0	1	0	0	0	0	1	0	0	1	0	1.20152e-16	0
chr7_117529019_117529394-chr7_117119361_117120895	0	0	0	0	0	0	0	0	0	0	0	0	0	1	0	1	1	0	0	0	1.77041e-16	0
chr7_127143208_127145046-chr7_127233104_127239235	1	1	0	0	0	0	0	0	1	0	1	1	0	0	0	0	0	0	1	0	0.845501	0
chr7_127154626_127158049-chr7_127031401_127034711	1	0	0	0	0	0	0	0	1	0	0	1	0	1	0	1	1	0	0	0	-0.397321	0
chr7_127176426_127183691-chr7_126890676_126899918	0	0	0	1	0	1	0	0	0	0	1	1	0	1	0	1	1	0	1	0	0.419969	0
chr7_27124077_27125932-chr7_27221403_27230275	0	0	0	1	0	0	0	0	0	0	0	1	0	1	0	1	0	1	0	1	0.510737	0
chr7_89870326_89872770-chr7_89975562_89981754	0	0	0	0	0	0	0	0	0	0	1	1	1	0	0	1	1	0	0	1	3.27346e-17	0
chr7_90053321_90059951-chr7_89975562_89981754	1	0	0	0	0	0	0	0	1	0	1	1	1	0	0	1	1	0	0	1	0.102995	0
chr7_90053321_90059951-chr7_90033390_90038912	1	0	0	0	0	0	0	0	1	0	0	1	0	0	1	1	1	0	0	0	0.308083	0
chr7_90240432_90243719-chr7_90033390_90038912	0	0	0	0	0	0	0	0	0	0	0	1	0	0	1	1	1	0	0	0	6.41277e-17	0
chr7_90307705_90308685-chr7_89936290_89942132	0	0	0	0	0	1	0	0	0	1	1	0	0	0	0	0	0	0	0	0	0.162915	0
chr7_90322281_90322679-chr7_90337078_90341001	0	0	0	0	0	0	0	0	0	0	1	0	0	0	0	0	0	0	1	0	2.77665e-17	0
chr7_90346641_90347066-chr7_89975562_89981754	0	0	0	0	0	0	0	0	0	0	1	1	1	0	0	1	1	0	0	1	3.27346e-17	0
chr7_90557899_90559843-chr7_90033390_90038912	1	0	0	0	0	0	0	0	0	0	0	1	0	0	1	1	1	0	0	0	0.205391	0
chr7_90680104_90681286-chr7_89975562_89981754	0	0	0	1	0	0	0	0	0	0	1	1	1	0	0	1	1	0	0	1	-0.373115	0
chr8_119057888_119058572-chr8_119119523_119124860	0	0	0	0	0	0	0	0	0	0	1	1	1	1	0	1	1	1	1	1	-1.55434e-16	0
chr9_131802629_131810892-chr9_131842719_131845575	0	0	0	0	1	0	0	0	0	0	0	1	0	0	0	1	1	1	0	1	0.268596	0
chr9_131926415_131926977-chr9_131826821_131831982	0	0	0	0	0	0	0	0	0	0	0	1	0	0	1	0	0	0	0	0	1.66863e-16	0
chr9_131926415_131926977-chr9_131842719_131845575	0	0	0	0	0	0	0	0	0	0	0	1	0	0	0	1	1	1	0	1	2.1431e-16	0
chr9_131971676_131982124-chr9_131826821_131831982	0	1	1	0	0	1	1	0	1	0	0	1	0	0	1	0	0	0	0	0	0.251866	0
chr9_131971676_131982124-chr9_131901542_131918821	0	1	1	0	0	1	1	0	1	0	1	1	1	0	1	1	1	0	1	1	0.835595	0
chrX_122784060_122789599-chrX_123092930_123094743	0	0	0	0	0	0	0	0	0	0	1	1	1	0	0	1	1	0	1	1	-2.77822e-16	0
chrX_122784060_122789599-chrX_123096825_123103985	0	0	0	0	0	0	0	0	0	0	0	1	1	0	0	1	1	0	0	1	9.2235e-17	0
chrX_123143739_123143949-chrX_122866031_122876171	0	0	0	0	0	0	0	0	0	0	1	1	1	0	0	1	1	0	0	1	1.47931e-16	0
chrX_123155862_123157974-chrX_123092930_123094743	0	0	0	0	0	0	0	0	0	0	1	1	1	0	0	1	1	0	1	1	-2.77822e-16	0
chrX_123181613_123183871-chrX_123225472_123228574	0	0	0	0	0	0	0	0	0	0	0	0	0	0	0	0	0	0	0	0	1	0
chrX_123183871_123187218-chrX_123094743_123096825	0	0	0	0	0	0	0	0	0	0	0	1	1	0	0	1	1	0	0	1	2.94503e-17	0
chrX_123189085_123189836-chrX_123092930_123094743	0	0	0	0	0	0	0	0	0	0	1	1	1	0	0	1	1	0	1	1	-2.77822e-16	0
chrX_123189085_123189836-chrX_123225472_123228574	0	0	0	0	0	0	0	0	0	0	0	0	0	0	0	0	0	0	0	0	1	0
chrX_123214848_123217170-chrX_123092930_123094743	0	0	0	0	0	0	0	0	0	0	1	1	1	0	0	1	1	0	1	1	-2.77822e-16	0
chrX_123230223_123233922-chrX_122987469_122995786	0	0	0	0	0	0	0	0	1	0	0	1	1	0	0	1	1	0	0	0	0.27125	0
chrX_153121203_153126719-chrX_153190397_153198557	0	1	0	0	0	0	0	0	0	0	0	1	1	0	0	1	1	0	0	1	0.577789	0
chrX_153230807_153233727-chrX_153307734_153315090	0	1	0	0	0	1	0	1	0	0	0	0	0	0	0	0	0	0	0	0	1.03798e-16	0
chrX_153289470_153291180-chrX_153182878_153187063	0	1	0	0	0	0	0	0	0	0	0	1	0	0	0	0	0	0	0	0	1	0
chrX_153289470_153291180-chrX_153681712_153701576	0	1	0	0	0	0	0	0	0	0	0	1	0	0	0	1	1	0	1	1	0.575197	0
chrX_153295731_153297713-chrX_153307734_153315090	0	1	0	0	0	0	0	0	0	0	0	0	0	0	0	0	0	0	0	0	1.9644e-16	0
chrX_153295731_153297713-chrX_153401768_153408742	0	1	0	0	0	0	0	0	0	0	1	1	0	0	0	1	0	0	1	0	0.624511	0
chrX_153323783_153330384-chrX_153233727_153240638	0	0	0	0	0	0	0	0	0	0	0	1	1	0	0	1	1	1	0	1	2.9374e-17	0
chrX_153348234_153353218-chrX_153401768_153408742	0	0	0	0	0	0	0	0	0	0	1	1	0	0	0	1	0	0	1	0	1.63637e-17	0
chrX_153821772_153828497-chrX_153307734_153315090	1	1	0	0	0	0	0	0	1	0	0	0	0	0	0	0	0	0	0	0	1.68475e-17	0
chrX_153821772_153828497-chrX_153715830_153719993	1	1	0	0	0	0	0	0	1	0	0	1	0	0	0	1	0	0	1	0	0.598533	0
chrX_153821772_153828497-chrX_154274113_154276803	1	1	0	0	0	0	0	0	1	0	0	0	0	0	0	0	0	0	0	0	1.68475e-17	0
chrX_153979902_153986443-chrX_153574513_153584637	0	1	0	1	0	0	0	0	0	0	0	1	0	0	1	0	0	0	0	0	0.107315	0
chrX_154021723_154027387-chrX_153240638_153254508	0	0	0	0	0	0	0	0	0	0	0	1	0	0	0	0	0	0	0	0	2.58887e-16	0
chrX_154021723_154027387-chrX_153649561_153657611	0	0	0	0	0	0	0	0	0	0	0	1	0	0	0	1	1	0	0	0	9.81145e-17	0
chrX_154246841_154250209-chrX_153989469_153994716	0	0	0	0	0	0	0	0	0	0	0	1	1	0	1	1	1	0	0	0	1.4014e-16	0
chrX_154246841_154250209-chrX_154298909_154305587	0	0	0	0	0	0	0	0	0	0	0	1	1	0	0	1	1	0	0	0	2.90892e-17	0
chrX_154307857_154314935-chrX_153635385_153648319	1	0	0	0	0	0	0	0	1	0	0	1	0	0	0	1	1	0	0	0	0.280909	0
chrX_154357960_154364864-chrX_154293782_154294484	0	0	0	0	0	0	0	0	0	0	0	0	0	0	0	0	0	0	0	0	1	0
